18719
62039
61796
64968
64685
62061
62272
64969
64690
60422
64970
65040
61611
64691
64971
64692
61881
29559
61733
61976
64972
64693
64973
64867
60438
64699
64974
64700
64975
64701
64976
64703
64977
64705
64978
64872
64706
64979
65042
64707
64980
64981
64708
62208
62282
64709
64874
64710
64711
64713
62297
64920
64717
64719
64722
62126
62040
62304
64723
65008
64877
64726
65009
64728
65010
64729
65011
64730
65012
64879
63352
64738
64925
62137
62347
60425
61951
61952
62214
60421
61691
61906
62041
63353
62213
64883
64924
61567
64906
61757
64739
61641
64741
65007
64746
65006
62371
64982
62038
61698
64751
62036
65046
64752
64983
64754
61996
63354
64885
61873
64887
64748
65005
64749
64750
64888
65004
64755
64987
64756
62222
62188
62064
64757
64986
64985
64759
65048
29551
62223
62392
64760
61925
62403
61710
64897
62399
64989
61929
29555
62402
62035
64761
64991
64762
64990
65050
64771
64997
64773
62424
62014
64774
64904
64998
64999
64776
64777
65000
64779
65001
62076
62435
62428
62170
61937
63358
64781
65002
64780
65003
64909
64911
64996
64783
62439
62175
29495
64782
63357
61856
64913
62020
64785
64995
64788
64994
62017
29500
62081
62452
63356
62451
64993
64792
64992
62460
64795
64914
62454
64881
62032
62026
62030
62031
62034
62027
62029
62028
64922
61754
62085
62464
64799
62413
62071
64797
61765
64876
61643
64916
62062
61983
60423
18693
61695
61783
64918
61708
28308
61922
62063
64893
64890
64892
62000
61707
61601
61923
61858
64908
60461
65044
61690
61758
61980