2023-3-20 19:00:00	[[["470"],[[27525,1],[27513,1]]],[["471"],[[27678,1],[27674,1]]],[["472"],[[27600,1],[27678,1]]],[["334"],[[141601,1],[1003,1600]]],[["335"],[[141901,1],[1003,1600]]],[["336"],[[142401,1],[1003,1600]]]]
2023-3-27 19:00:00	[[["470"],[[27525,1],[27513,1]]],[["471"],[[27680,1],[27676,1]]],[["472"],[[27521,1],[27680,1]]],[["334"],[[142501,1],[1003,1600]]],[["335"],[[142701,1],[1003,1600]]],[["336"],[[143101,1],[1003,1600]]]]
2023-4-3 19:00:00	[[["470"],[[27525,1],[27513,1]]],[["471"],[[27682,1],[27677,1]]],[["472"],[[27602,1],[27682,1]]],[["334"],[[143201,1],[1003,1600]]],[["335"],[[143701,1],[1003,1600]]],[["336"],[[141501,1],[1003,1600]]]]
2023-4-10 19:00:00	[[["470"],[[27525,1],[27513,1]]],[["471"],[[27684,1],[27679,1]]],[["472"],[[27601,1],[27684,1]]],[["334"],[[141801,1],[1003,1600]]],[["335"],[[142101,1],[1003,1600]]],[["336"],[[142301,1],[1003,1600]]]]
2023-4-17 19:00:00	[[["470"],[[27525,1],[27513,1]]],[["471"],[[27685,1],[27681,1]]],[["472"],[[27603,1],[27685,1]]],[["334"],[[141601,1],[1003,1600]]],[["335"],[[141901,1],[1003,1600]]],[["336"],[[142401,1],[1003,1600]]]]
2023-4-24 19:00:00	[[["470"],[[27525,1],[27513,1]]],[["471"],[[27687,1],[27683,1]]],[["472"],[[27600,1],[27687,1]]],[["334"],[[142501,1],[1003,1600]]],[["335"],[[142701,1],[1003,1600]]],[["336"],[[143101,1],[1003,1600]]]]
2023-5-1 19:00:00	[[["470"],[[27525,1],[27513,1]]],[["471"],[[27689,1],[27686,1]]],[["472"],[[27521,1],[27689,1]]],[["334"],[[143201,1],[1003,1600]]],[["335"],[[143701,1],[1003,1600]]],[["336"],[[141501,1],[1003,1600]]]]
2023-5-8 19:00:00	[[["470"],[[27525,1],[27513,1]]],[["471"],[[27696,1],[27688,1]]],[["472"],[[27602,1],[27696,1]]],[["334"],[[141801,1],[1003,1600]]],[["335"],[[142101,1],[1003,1600]]],[["336"],[[142301,1],[1003,1600]]]]
2023-5-15 19:00:00	[[["470"],[[27525,1],[27513,1]]],[["471"],[[27698,1],[27690,1]]],[["472"],[[27601,1],[27698,1]]],[["334"],[[141601,1],[1003,1600]]],[["335"],[[141901,1],[1003,1600]]],[["336"],[[142401,1],[1003,1600]]]]
2023-5-22 19:00:00	[[["470"],[[27525,1],[27513,1]]],[["471"],[[27700,1],[27674,1]]],[["472"],[[27603,1],[27700,1]]],[["334"],[[142501,1],[1003,1600]]],[["335"],[[142701,1],[1003,1600]]],[["336"],[[143101,1],[1003,1600]]]]
2023-5-29 19:00:00	[[["470"],[[27525,1],[27513,1]]],[["471"],[[27682,1],[27676,1]]],[["472"],[[27600,1],[27682,1]]],[["334"],[[143201,1],[1003,1600]]],[["335"],[[143701,1],[1003,1600]]],[["336"],[[141501,1],[1003,1600]]]]
2023-6-5 19:00:00	[[["470"],[[27525,1],[27513,1]]],[["471"],[[27684,1],[27677,1]]],[["472"],[[27521,1],[27684,1]]],[["334"],[[141801,1],[1003,1600]]],[["335"],[[142101,1],[1003,1600]]],[["336"],[[142301,1],[1003,1600]]]]
