[1003,20]
[1002,100]
[1003,40]
[1001,5]
[2007,5]
[1002,200]
[13001,5]
[15000,5]
[1002,300]
[2002,10]
[1003,60]
[1001,10]
[1003,80]
[1002,400]
[2100,5]
[11001,1]
[2007,10]
[16000,5]
[2002,5]
[1002,500]
[1003,100]
[2005,5]
[1003,120]
[11001,2]
[1002,600]
[25000,1]
[1001,20]
[27656,1]
[1002,300]
[15000,20]
[1001,20]
[1002,500]
[2007,20]
[11001,1]
[1001,30]
[1003,300]
[1002,700]
[2100,10]
[24011]
[2008,15]
[16000,25]
[2002,30]
[1002,1000]
[1003,300]
[2005,20]
[25000,4]
[27207]
[1002,1300]
[11001,2]
[1001,50]
